1 1
[[  937.   255.    79. ...,     0.     0.     0.]
 [  255.  1020.   104. ...,     0.     0.     0.]
 [   79.   104.   297. ...,     0.     0.     0.]
 ..., 
 [    0.     0.     0. ...,     0.     0.     0.]
 [    0.     0.     0. ...,     0.     0.     0.]
 [    0.     0.     0. ...,     0.     0.     0.]] [[ 0.73547881  0.20015699  0.06200942 ...,  0.          0.          0.        ]
 [ 0.20015699  0.80062794  0.08163265 ...,  0.          0.          0.        ]
 [ 0.06200942  0.08163265  0.23312402 ...,  0.          0.          0.        ]
 ..., 
 [ 0.          0.          0.         ...,  0.          0.          0.        ]
 [ 0.          0.          0.         ...,  0.          0.          0.        ]
 [ 0.          0.          0.         ...,  0.          0.          0.        ]]
1 2
[[  937.   232.    69. ...,     0.     0.     0.]
 [  234.  1020.    98. ...,     0.     0.     0.]
 [   70.    96.   297. ...,     0.     0.     0.]
 ..., 
 [    0.     0.     0. ...,     0.     0.     0.]
 [    0.     0.     0. ...,     0.     0.     0.]
 [    0.     0.     0. ...,     0.     0.     0.]] [[ 0.73547881  0.18210361  0.05416013 ...,  0.          0.          0.        ]
 [ 0.18367347  0.80062794  0.07692308 ...,  0.          0.          0.        ]
 [ 0.05494505  0.07535322  0.23312402 ...,  0.          0.          0.        ]
 ..., 
 [ 0.          0.          0.         ...,  0.          0.          0.        ]
 [ 0.          0.          0.         ...,  0.          0.          0.        ]
 [ 0.          0.          0.         ...,  0.          0.          0.        ]]
1 3
[[  937.   217.    62. ...,     0.     0.     0.]
 [  218.  1020.    91. ...,     0.     0.     0.]
 [   66.    88.   297. ...,     0.     0.     0.]
 ..., 
 [    0.     0.     0. ...,     0.     0.     0.]
 [    0.     0.     0. ...,     0.     0.     0.]
 [    0.     0.     0. ...,     0.     0.     0.]] [[ 0.73547881  0.17032967  0.04866562 ...,  0.          0.          0.        ]
 [ 0.1711146   0.80062794  0.07142857 ...,  0.          0.          0.        ]
 [ 0.05180534  0.06907378  0.23312402 ...,  0.          0.          0.        ]
 ..., 
 [ 0.          0.          0.         ...,  0.          0.          0.        ]
 [ 0.          0.          0.         ...,  0.          0.          0.        ]
 [ 0.          0.          0.         ...,  0.          0.          0.        ]]
1 4
[[  937.   204.    56. ...,     0.     0.     0.]
 [  207.  1020.    87. ...,     0.     0.     0.]
 [   62.    83.   297. ...,     0.     0.     0.]
 ..., 
 [    0.     0.     0. ...,     0.     0.     0.]
 [    0.     0.     0. ...,     0.     0.     0.]
 [    0.     0.     0. ...,     0.     0.     0.]] [[ 0.73547881  0.16012559  0.04395604 ...,  0.          0.          0.        ]
 [ 0.16248038  0.80062794  0.06828885 ...,  0.          0.          0.        ]
 [ 0.04866562  0.06514914  0.23312402 ...,  0.          0.          0.        ]
 ..., 
 [ 0.          0.          0.         ...,  0.          0.          0.        ]
 [ 0.          0.          0.         ...,  0.          0.          0.        ]
 [ 0.          0.          0.         ...,  0.          0.          0.        ]]
1 5
[[  937.   195.    56. ...,     0.     0.     0.]
 [  200.  1020.    84. ...,     0.     0.     0.]
 [   58.    79.   297. ...,     0.     0.     0.]
 ..., 
 [    0.     0.     0. ...,     0.     0.     0.]
 [    0.     0.     0. ...,     0.     0.     0.]
 [    0.     0.     0. ...,     0.     0.     0.]] [[ 0.73547881  0.15306122  0.04395604 ...,  0.          0.          0.        ]
 [ 0.15698587  0.80062794  0.06593407 ...,  0.          0.          0.        ]
 [ 0.0455259   0.06200942  0.23312402 ...,  0.          0.          0.        ]
 ..., 
 [ 0.          0.          0.         ...,  0.          0.          0.        ]
 [ 0.          0.          0.         ...,  0.          0.          0.        ]
 [ 0.          0.          0.         ...,  0.          0.          0.        ]]
2 1
[[  937.   207.    64. ...,     0.     0.     0.]
 [  209.  1020.    88. ...,     0.     0.     0.]
 [   63.    89.   297. ...,     0.     0.     0.]
 ..., 
 [    0.     0.     0. ...,     0.     0.     0.]
 [    0.     0.     0. ...,     0.     0.     0.]
 [    0.     0.     0. ...,     0.     0.     0.]] [[ 0.73547881  0.16248038  0.05023548 ...,  0.          0.          0.        ]
 [ 0.16405024  0.80062794  0.06907378 ...,  0.          0.          0.        ]
 [ 0.04945055  0.06985871  0.23312402 ...,  0.          0.          0.        ]
 ..., 
 [ 0.          0.          0.         ...,  0.          0.          0.        ]
 [ 0.          0.          0.         ...,  0.          0.          0.        ]
 [ 0.          0.          0.         ...,  0.          0.          0.        ]]
2 2
[[  937.   184.    57. ...,     0.     0.     0.]
 [  184.  1020.    81. ...,     0.     0.     0.]
 [   57.    81.   297. ...,     0.     0.     0.]
 ..., 
 [    0.     0.     0. ...,     0.     0.     0.]
 [    0.     0.     0. ...,     0.     0.     0.]
 [    0.     0.     0. ...,     0.     0.     0.]] [[ 0.73547881  0.144427    0.04474097 ...,  0.          0.          0.        ]
 [ 0.144427    0.80062794  0.06357928 ...,  0.          0.          0.        ]
 [ 0.04474097  0.06357928  0.23312402 ...,  0.          0.          0.        ]
 ..., 
 [ 0.          0.          0.         ...,  0.          0.          0.        ]
 [ 0.          0.          0.         ...,  0.          0.          0.        ]
 [ 0.          0.          0.         ...,  0.          0.          0.        ]]
2 3
[[  937.   169.    50. ...,     0.     0.     0.]
 [  169.  1020.    75. ...,     0.     0.     0.]
 [   51.    74.   297. ...,     0.     0.     0.]
 ..., 
 [    0.     0.     0. ...,     0.     0.     0.]
 [    0.     0.     0. ...,     0.     0.     0.]
 [    0.     0.     0. ...,     0.     0.     0.]] [[ 0.73547881  0.13265306  0.03924647 ...,  0.          0.          0.        ]
 [ 0.13265306  0.80062794  0.0588697  ...,  0.          0.          0.        ]
 [ 0.0400314   0.05808477  0.23312402 ...,  0.          0.          0.        ]
 ..., 
 [ 0.          0.          0.         ...,  0.          0.          0.        ]
 [ 0.          0.          0.         ...,  0.          0.          0.        ]
 [ 0.          0.          0.         ...,  0.          0.          0.        ]]
2 4
[[  937.   159.    44. ...,     0.     0.     0.]
 [  155.  1020.    72. ...,     0.     0.     0.]
 [   47.    70.   297. ...,     0.     0.     0.]
 ..., 
 [    0.     0.     0. ...,     0.     0.     0.]
 [    0.     0.     0. ...,     0.     0.     0.]
 [    0.     0.     0. ...,     0.     0.     0.]] [[ 0.73547881  0.12480377  0.03453689 ...,  0.          0.          0.        ]
 [ 0.12166405  0.80062794  0.05651491 ...,  0.          0.          0.        ]
 [ 0.03689168  0.05494505  0.23312402 ...,  0.          0.          0.        ]
 ..., 
 [ 0.          0.          0.         ...,  0.          0.          0.        ]
 [ 0.          0.          0.         ...,  0.          0.          0.        ]
 [ 0.          0.          0.         ...,  0.          0.          0.        ]]
2 5
[[  937.   150.    44. ...,     0.     0.     0.]
 [  149.  1020.    69. ...,     0.     0.     0.]
 [   44.    66.   297. ...,     0.     0.     0.]
 ..., 
 [    0.     0.     0. ...,     0.     0.     0.]
 [    0.     0.     0. ...,     0.     0.     0.]
 [    0.     0.     0. ...,     0.     0.     0.]] [[ 0.73547881  0.1177394   0.03453689 ...,  0.          0.          0.        ]
 [ 0.11695447  0.80062794  0.05416013 ...,  0.          0.          0.        ]
 [ 0.03453689  0.05180534  0.23312402 ...,  0.          0.          0.        ]
 ..., 
 [ 0.          0.          0.         ...,  0.          0.          0.        ]
 [ 0.          0.          0.         ...,  0.          0.          0.        ]
 [ 0.          0.          0.         ...,  0.          0.          0.        ]]
3 1
[[  937.   171.    52. ...,     0.     0.     0.]
 [  172.  1020.    77. ...,     0.     0.     0.]
 [   50.    79.   297. ...,     0.     0.     0.]
 ..., 
 [    0.     0.     0. ...,     0.     0.     0.]
 [    0.     0.     0. ...,     0.     0.     0.]
 [    0.     0.     0. ...,     0.     0.     0.]] [[ 0.73547881  0.13422292  0.04081633 ...,  0.          0.          0.        ]
 [ 0.13500785  0.80062794  0.06043956 ...,  0.          0.          0.        ]
 [ 0.03924647  0.06200942  0.23312402 ...,  0.          0.          0.        ]
 ..., 
 [ 0.          0.          0.         ...,  0.          0.          0.        ]
 [ 0.          0.          0.         ...,  0.          0.          0.        ]
 [ 0.          0.          0.         ...,  0.          0.          0.        ]]
3 2
[[  937.   145.    45. ...,     0.     0.     0.]
 [  147.  1020.    68. ...,     0.     0.     0.]
 [   43.    69.   297. ...,     0.     0.     0.]
 ..., 
 [    0.     0.     0. ...,     0.     0.     0.]
 [    0.     0.     0. ...,     0.     0.     0.]
 [    0.     0.     0. ...,     0.     0.     0.]] [[ 0.73547881  0.11381476  0.03532182 ...,  0.          0.          0.        ]
 [ 0.11538462  0.80062794  0.0533752  ...,  0.          0.          0.        ]
 [ 0.03375196  0.05416013  0.23312402 ...,  0.          0.          0.        ]
 ..., 
 [ 0.          0.          0.         ...,  0.          0.          0.        ]
 [ 0.          0.          0.         ...,  0.          0.          0.        ]
 [ 0.          0.          0.         ...,  0.          0.          0.        ]]
3 3
[[  937.   131.    39. ...,     0.     0.     0.]
 [  131.  1020.    63. ...,     0.     0.     0.]
 [   39.    63.   297. ...,     0.     0.     0.]
 ..., 
 [    0.     0.     0. ...,     0.     0.     0.]
 [    0.     0.     0. ...,     0.     0.     0.]
 [    0.     0.     0. ...,     0.     0.     0.]] [[ 0.73547881  0.10282575  0.03061224 ...,  0.          0.          0.        ]
 [ 0.10282575  0.80062794  0.04945055 ...,  0.          0.          0.        ]
 [ 0.03061224  0.04945055  0.23312402 ...,  0.          0.          0.        ]
 ..., 
 [ 0.          0.          0.         ...,  0.          0.          0.        ]
 [ 0.          0.          0.         ...,  0.          0.          0.        ]
 [ 0.          0.          0.         ...,  0.          0.          0.        ]]
3 4
[[  937.   123.    36. ...,     0.     0.     0.]
 [  124.  1020.    60. ...,     0.     0.     0.]
 [   36.    60.   297. ...,     0.     0.     0.]
 ..., 
 [    0.     0.     0. ...,     0.     0.     0.]
 [    0.     0.     0. ...,     0.     0.     0.]
 [    0.     0.     0. ...,     0.     0.     0.]] [[ 0.73547881  0.09654631  0.02825746 ...,  0.          0.          0.        ]
 [ 0.09733124  0.80062794  0.04709576 ...,  0.          0.          0.        ]
 [ 0.02825746  0.04709576  0.23312402 ...,  0.          0.          0.        ]
 ..., 
 [ 0.          0.          0.         ...,  0.          0.          0.        ]
 [ 0.          0.          0.         ...,  0.          0.          0.        ]
 [ 0.          0.          0.         ...,  0.          0.          0.        ]]
3 5
[[  937.   119.    36. ...,     0.     0.     0.]
 [  119.  1020.    60. ...,     0.     0.     0.]
 [   36.    59.   297. ...,     0.     0.     0.]
 ..., 
 [    0.     0.     0. ...,     0.     0.     0.]
 [    0.     0.     0. ...,     0.     0.     0.]
 [    0.     0.     0. ...,     0.     0.     0.]] [[ 0.73547881  0.09340659  0.02825746 ...,  0.          0.          0.        ]
 [ 0.09340659  0.80062794  0.04709576 ...,  0.          0.          0.        ]
 [ 0.02825746  0.04631083  0.23312402 ...,  0.          0.          0.        ]
 ..., 
 [ 0.          0.          0.         ...,  0.          0.          0.        ]
 [ 0.          0.          0.         ...,  0.          0.          0.        ]
 [ 0.          0.          0.         ...,  0.          0.          0.        ]]
4 1
[[  937.   141.    41. ...,     0.     0.     0.]
 [  140.  1020.    67. ...,     0.     0.     0.]
 [   39.    70.   297. ...,     0.     0.     0.]
 ..., 
 [    0.     0.     0. ...,     0.     0.     0.]
 [    0.     0.     0. ...,     0.     0.     0.]
 [    0.     0.     0. ...,     0.     0.     0.]] [[ 0.73547881  0.11067504  0.0321821  ...,  0.          0.          0.        ]
 [ 0.10989011  0.80062794  0.05259027 ...,  0.          0.          0.        ]
 [ 0.03061224  0.05494505  0.23312402 ...,  0.          0.          0.        ]
 ..., 
 [ 0.          0.          0.         ...,  0.          0.          0.        ]
 [ 0.          0.          0.         ...,  0.          0.          0.        ]
 [ 0.          0.          0.         ...,  0.          0.          0.        ]]
4 2
[[  937.   118.    36. ...,     0.     0.     0.]
 [  118.  1020.    58. ...,     0.     0.     0.]
 [   36.    60.   297. ...,     0.     0.     0.]
 ..., 
 [    0.     0.     0. ...,     0.     0.     0.]
 [    0.     0.     0. ...,     0.     0.     0.]
 [    0.     0.     0. ...,     0.     0.     0.]] [[ 0.73547881  0.09262166  0.02825746 ...,  0.          0.          0.        ]
 [ 0.09262166  0.80062794  0.0455259  ...,  0.          0.          0.        ]
 [ 0.02825746  0.04709576  0.23312402 ...,  0.          0.          0.        ]
 ..., 
 [ 0.          0.          0.         ...,  0.          0.          0.        ]
 [ 0.          0.          0.         ...,  0.          0.          0.        ]
 [ 0.          0.          0.         ...,  0.          0.          0.        ]]
4 3
[[  937.   109.    34. ...,     0.     0.     0.]
 [  108.  1020.    56. ...,     0.     0.     0.]
 [   34.    56.   297. ...,     0.     0.     0.]
 ..., 
 [    0.     0.     0. ...,     0.     0.     0.]
 [    0.     0.     0. ...,     0.     0.     0.]
 [    0.     0.     0. ...,     0.     0.     0.]] [[ 0.73547881  0.0855573   0.0266876  ...,  0.          0.          0.        ]
 [ 0.08477237  0.80062794  0.04395604 ...,  0.          0.          0.        ]
 [ 0.0266876   0.04395604  0.23312402 ...,  0.          0.          0.        ]
 ..., 
 [ 0.          0.          0.         ...,  0.          0.          0.        ]
 [ 0.          0.          0.         ...,  0.          0.          0.        ]
 [ 0.          0.          0.         ...,  0.          0.          0.        ]]
4 4
[[  937.   101.    33. ...,     0.     0.     0.]
 [  101.  1020.    55. ...,     0.     0.     0.]
 [   33.    55.   297. ...,     0.     0.     0.]
 ..., 
 [    0.     0.     0. ...,     0.     0.     0.]
 [    0.     0.     0. ...,     0.     0.     0.]
 [    0.     0.     0. ...,     0.     0.     0.]] [[ 0.73547881  0.07927786  0.02590267 ...,  0.          0.          0.        ]
 [ 0.07927786  0.80062794  0.04317111 ...,  0.          0.          0.        ]
 [ 0.02590267  0.04317111  0.23312402 ...,  0.          0.          0.        ]
 ..., 
 [ 0.          0.          0.         ...,  0.          0.          0.        ]
 [ 0.          0.          0.         ...,  0.          0.          0.        ]
 [ 0.          0.          0.         ...,  0.          0.          0.        ]]
4 5
[[  937.    95.    33. ...,     0.     0.     0.]
 [   95.  1020.    54. ...,     0.     0.     0.]
 [   32.    54.   297. ...,     0.     0.     0.]
 ..., 
 [    0.     0.     0. ...,     0.     0.     0.]
 [    0.     0.     0. ...,     0.     0.     0.]
 [    0.     0.     0. ...,     0.     0.     0.]] [[ 0.73547881  0.07456829  0.02590267 ...,  0.          0.          0.        ]
 [ 0.07456829  0.80062794  0.04238619 ...,  0.          0.          0.        ]
 [ 0.02511774  0.04238619  0.23312402 ...,  0.          0.          0.        ]
 ..., 
 [ 0.          0.          0.         ...,  0.          0.          0.        ]
 [ 0.          0.          0.         ...,  0.          0.          0.        ]
 [ 0.          0.          0.         ...,  0.          0.          0.        ]]
5 1
[[  937.   119.    34. ...,     0.     0.     0.]
 [  121.  1020.    59. ...,     0.     0.     0.]
 [   35.    60.   297. ...,     0.     0.     0.]
 ..., 
 [    0.     0.     0. ...,     0.     0.     0.]
 [    0.     0.     0. ...,     0.     0.     0.]
 [    0.     0.     0. ...,     0.     0.     0.]] [[ 0.73547881  0.09340659  0.0266876  ...,  0.          0.          0.        ]
 [ 0.09497645  0.80062794  0.04631083 ...,  0.          0.          0.        ]
 [ 0.02747253  0.04709576  0.23312402 ...,  0.          0.          0.        ]
 ..., 
 [ 0.          0.          0.         ...,  0.          0.          0.        ]
 [ 0.          0.          0.         ...,  0.          0.          0.        ]
 [ 0.          0.          0.         ...,  0.          0.          0.        ]]
5 2
[[  937.   102.    33. ...,     0.     0.     0.]
 [  102.  1020.    53. ...,     0.     0.     0.]
 [   33.    53.   297. ...,     0.     0.     0.]
 ..., 
 [    0.     0.     0. ...,     0.     0.     0.]
 [    0.     0.     0. ...,     0.     0.     0.]
 [    0.     0.     0. ...,     0.     0.     0.]] [[ 0.73547881  0.08006279  0.02590267 ...,  0.          0.          0.        ]
 [ 0.08006279  0.80062794  0.04160126 ...,  0.          0.          0.        ]
 [ 0.02590267  0.04160126  0.23312402 ...,  0.          0.          0.        ]
 ..., 
 [ 0.          0.          0.         ...,  0.          0.          0.        ]
 [ 0.          0.          0.         ...,  0.          0.          0.        ]
 [ 0.          0.          0.         ...,  0.          0.          0.        ]]
5 3
[[  937.    92.    32. ...,     0.     0.     0.]
 [   92.  1020.    52. ...,     0.     0.     0.]
 [   32.    52.   297. ...,     0.     0.     0.]
 ..., 
 [    0.     0.     0. ...,     0.     0.     0.]
 [    0.     0.     0. ...,     0.     0.     0.]
 [    0.     0.     0. ...,     0.     0.     0.]] [[ 0.73547881  0.0722135   0.02511774 ...,  0.          0.          0.        ]
 [ 0.0722135   0.80062794  0.04081633 ...,  0.          0.          0.        ]
 [ 0.02511774  0.04081633  0.23312402 ...,  0.          0.          0.        ]
 ..., 
 [ 0.          0.          0.         ...,  0.          0.          0.        ]
 [ 0.          0.          0.         ...,  0.          0.          0.        ]
 [ 0.          0.          0.         ...,  0.          0.          0.        ]]
5 4
[[  937.    83.    31. ...,     0.     0.     0.]
 [   83.  1020.    51. ...,     0.     0.     0.]
 [   31.    51.   297. ...,     0.     0.     0.]
 ..., 
 [    0.     0.     0. ...,     0.     0.     0.]
 [    0.     0.     0. ...,     0.     0.     0.]
 [    0.     0.     0. ...,     0.     0.     0.]] [[ 0.73547881  0.06514914  0.02433281 ...,  0.          0.          0.        ]
 [ 0.06514914  0.80062794  0.0400314  ...,  0.          0.          0.        ]
 [ 0.02433281  0.0400314   0.23312402 ...,  0.          0.          0.        ]
 ..., 
 [ 0.          0.          0.         ...,  0.          0.          0.        ]
 [ 0.          0.          0.         ...,  0.          0.          0.        ]
 [ 0.          0.          0.         ...,  0.          0.          0.        ]]
5 5
[[  937.    77.    30. ...,     0.     0.     0.]
 [   77.  1020.    51. ...,     0.     0.     0.]
 [   30.    51.   297. ...,     0.     0.     0.]
 ..., 
 [    0.     0.     0. ...,     0.     0.     0.]
 [    0.     0.     0. ...,     0.     0.     0.]
 [    0.     0.     0. ...,     0.     0.     0.]] [[ 0.73547881  0.06043956  0.02354788 ...,  0.          0.          0.        ]
 [ 0.06043956  0.80062794  0.0400314  ...,  0.          0.          0.        ]
 [ 0.02354788  0.0400314   0.23312402 ...,  0.          0.          0.        ]
 ..., 
 [ 0.          0.          0.         ...,  0.          0.          0.        ]
 [ 0.          0.          0.         ...,  0.          0.          0.        ]
 [ 0.          0.          0.         ...,  0.          0.          0.        ]]
6 1
[[  937.   102.    32. ...,     0.     0.     0.]
 [  104.  1020.    53. ...,     0.     0.     0.]
 [   32.    53.   297. ...,     0.     0.     0.]
 ..., 
 [    0.     0.     0. ...,     0.     0.     0.]
 [    0.     0.     0. ...,     0.     0.     0.]
 [    0.     0.     0. ...,     0.     0.     0.]] [[ 0.73547881  0.08006279  0.02511774 ...,  0.          0.          0.        ]
 [ 0.08163265  0.80062794  0.04160126 ...,  0.          0.          0.        ]
 [ 0.02511774  0.04160126  0.23312402 ...,  0.          0.          0.        ]
 ..., 
 [ 0.          0.          0.         ...,  0.          0.          0.        ]
 [ 0.          0.          0.         ...,  0.          0.          0.        ]
 [ 0.          0.          0.         ...,  0.          0.          0.        ]]
6 2
[[  937.    88.    31. ...,     0.     0.     0.]
 [   88.  1020.    50. ...,     0.     0.     0.]
 [   31.    50.   297. ...,     0.     0.     0.]
 ..., 
 [    0.     0.     0. ...,     0.     0.     0.]
 [    0.     0.     0. ...,     0.     0.     0.]
 [    0.     0.     0. ...,     0.     0.     0.]] [[ 0.73547881  0.06907378  0.02433281 ...,  0.          0.          0.        ]
 [ 0.06907378  0.80062794  0.03924647 ...,  0.          0.          0.        ]
 [ 0.02433281  0.03924647  0.23312402 ...,  0.          0.          0.        ]
 ..., 
 [ 0.          0.          0.         ...,  0.          0.          0.        ]
 [ 0.          0.          0.         ...,  0.          0.          0.        ]
 [ 0.          0.          0.         ...,  0.          0.          0.        ]]
6 3
[[  937.    76.    30. ...,     0.     0.     0.]
 [   79.  1020.    49. ...,     0.     0.     0.]
 [   30.    49.   297. ...,     0.     0.     0.]
 ..., 
 [    0.     0.     0. ...,     0.     0.     0.]
 [    0.     0.     0. ...,     0.     0.     0.]
 [    0.     0.     0. ...,     0.     0.     0.]] [[ 0.73547881  0.05965463  0.02354788 ...,  0.          0.          0.        ]
 [ 0.06200942  0.80062794  0.03846154 ...,  0.          0.          0.        ]
 [ 0.02354788  0.03846154  0.23312402 ...,  0.          0.          0.        ]
 ..., 
 [ 0.          0.          0.         ...,  0.          0.          0.        ]
 [ 0.          0.          0.         ...,  0.          0.          0.        ]
 [ 0.          0.          0.         ...,  0.          0.          0.        ]]
6 4
[[  937.    69.    29. ...,     0.     0.     0.]
 [   69.  1020.    49. ...,     0.     0.     0.]
 [   29.    49.   297. ...,     0.     0.     0.]
 ..., 
 [    0.     0.     0. ...,     0.     0.     0.]
 [    0.     0.     0. ...,     0.     0.     0.]
 [    0.     0.     0. ...,     0.     0.     0.]] [[ 0.73547881  0.05416013  0.02276295 ...,  0.          0.          0.        ]
 [ 0.05416013  0.80062794  0.03846154 ...,  0.          0.          0.        ]
 [ 0.02276295  0.03846154  0.23312402 ...,  0.          0.          0.        ]
 ..., 
 [ 0.          0.          0.         ...,  0.          0.          0.        ]
 [ 0.          0.          0.         ...,  0.          0.          0.        ]
 [ 0.          0.          0.         ...,  0.          0.          0.        ]]
6 5
[[  937.    65.    28. ...,     0.     0.     0.]
 [   65.  1020.    49. ...,     0.     0.     0.]
 [   28.    49.   297. ...,     0.     0.     0.]
 ..., 
 [    0.     0.     0. ...,     0.     0.     0.]
 [    0.     0.     0. ...,     0.     0.     0.]
 [    0.     0.     0. ...,     0.     0.     0.]] [[ 0.73547881  0.05102041  0.02197802 ...,  0.          0.          0.        ]
 [ 0.05102041  0.80062794  0.03846154 ...,  0.          0.          0.        ]
 [ 0.02197802  0.03846154  0.23312402 ...,  0.          0.          0.        ]
 ..., 
 [ 0.          0.          0.         ...,  0.          0.          0.        ]
 [ 0.          0.          0.         ...,  0.          0.          0.        ]
 [ 0.          0.          0.         ...,  0.          0.          0.        ]]
7 1
[[  937.    88.    30. ...,     0.     0.     0.]
 [   90.  1020.    49. ...,     0.     0.     0.]
 [   30.    49.   297. ...,     0.     0.     0.]
 ..., 
 [    0.     0.     0. ...,     0.     0.     0.]
 [    0.     0.     0. ...,     0.     0.     0.]
 [    0.     0.     0. ...,     0.     0.     0.]] [[ 0.73547881  0.06907378  0.02354788 ...,  0.          0.          0.        ]
 [ 0.07064364  0.80062794  0.03846154 ...,  0.          0.          0.        ]
 [ 0.02354788  0.03846154  0.23312402 ...,  0.          0.          0.        ]
 ..., 
 [ 0.          0.          0.         ...,  0.          0.          0.        ]
 [ 0.          0.          0.         ...,  0.          0.          0.        ]
 [ 0.          0.          0.         ...,  0.          0.          0.        ]]
7 2
[[  937.    71.    29. ...,     0.     0.     0.]
 [   76.  1020.    49. ...,     0.     0.     0.]
 [   29.    49.   297. ...,     0.     0.     0.]
 ..., 
 [    0.     0.     0. ...,     0.     0.     0.]
 [    0.     0.     0. ...,     0.     0.     0.]
 [    0.     0.     0. ...,     0.     0.     0.]] [[ 0.73547881  0.05572998  0.02276295 ...,  0.          0.          0.        ]
 [ 0.05965463  0.80062794  0.03846154 ...,  0.          0.          0.        ]
 [ 0.02276295  0.03846154  0.23312402 ...,  0.          0.          0.        ]
 ..., 
 [ 0.          0.          0.         ...,  0.          0.          0.        ]
 [ 0.          0.          0.         ...,  0.          0.          0.        ]
 [ 0.          0.          0.         ...,  0.          0.          0.        ]]
7 3
[[  937.    64.    28. ...,     0.     0.     0.]
 [   64.  1020.    49. ...,     0.     0.     0.]
 [   28.    49.   297. ...,     0.     0.     0.]
 ..., 
 [    0.     0.     0. ...,     0.     0.     0.]
 [    0.     0.     0. ...,     0.     0.     0.]
 [    0.     0.     0. ...,     0.     0.     0.]] [[ 0.73547881  0.05023548  0.02197802 ...,  0.          0.          0.        ]
 [ 0.05023548  0.80062794  0.03846154 ...,  0.          0.          0.        ]
 [ 0.02197802  0.03846154  0.23312402 ...,  0.          0.          0.        ]
 ..., 
 [ 0.          0.          0.         ...,  0.          0.          0.        ]
 [ 0.          0.          0.         ...,  0.          0.          0.        ]
 [ 0.          0.          0.         ...,  0.          0.          0.        ]]
7 4
[[  937.    58.    27. ...,     0.     0.     0.]
 [   58.  1020.    49. ...,     0.     0.     0.]
 [   27.    49.   297. ...,     0.     0.     0.]
 ..., 
 [    0.     0.     0. ...,     0.     0.     0.]
 [    0.     0.     0. ...,     0.     0.     0.]
 [    0.     0.     0. ...,     0.     0.     0.]] [[ 0.73547881  0.0455259   0.02119309 ...,  0.          0.          0.        ]
 [ 0.0455259   0.80062794  0.03846154 ...,  0.          0.          0.        ]
 [ 0.02119309  0.03846154  0.23312402 ...,  0.          0.          0.        ]
 ..., 
 [ 0.          0.          0.         ...,  0.          0.          0.        ]
 [ 0.          0.          0.         ...,  0.          0.          0.        ]
 [ 0.          0.          0.         ...,  0.          0.          0.        ]]
7 5
[[  937.    56.    27. ...,     0.     0.     0.]
 [   56.  1020.    49. ...,     0.     0.     0.]
 [   27.    49.   297. ...,     0.     0.     0.]
 ..., 
 [    0.     0.     0. ...,     0.     0.     0.]
 [    0.     0.     0. ...,     0.     0.     0.]
 [    0.     0.     0. ...,     0.     0.     0.]] [[ 0.73547881  0.04395604  0.02119309 ...,  0.          0.          0.        ]
 [ 0.04395604  0.80062794  0.03846154 ...,  0.          0.          0.        ]
 [ 0.02119309  0.03846154  0.23312402 ...,  0.          0.          0.        ]
 ..., 
 [ 0.          0.          0.         ...,  0.          0.          0.        ]
 [ 0.          0.          0.         ...,  0.          0.          0.        ]
 [ 0.          0.          0.         ...,  0.          0.          0.        ]]
8 1
[[  937.    70.    28. ...,     0.     0.     0.]
 [   77.  1020.    53. ...,     0.     0.     0.]
 [   28.    49.   297. ...,     0.     0.     0.]
 ..., 
 [    0.     0.     0. ...,     0.     0.     0.]
 [    0.     0.     0. ...,     0.     0.     0.]
 [    0.     0.     0. ...,     0.     0.     0.]] [[ 0.73547881  0.05494505  0.02197802 ...,  0.          0.          0.        ]
 [ 0.06043956  0.80062794  0.04160126 ...,  0.          0.          0.        ]
 [ 0.02197802  0.03846154  0.23312402 ...,  0.          0.          0.        ]
 ..., 
 [ 0.          0.          0.         ...,  0.          0.          0.        ]
 [ 0.          0.          0.         ...,  0.          0.          0.        ]
 [ 0.          0.          0.         ...,  0.          0.          0.        ]]
8 2
[[  937.    59.    27. ...,     0.     0.     0.]
 [   59.  1020.    49. ...,     0.     0.     0.]
 [   27.    49.   297. ...,     0.     0.     0.]
 ..., 
 [    0.     0.     0. ...,     0.     0.     0.]
 [    0.     0.     0. ...,     0.     0.     0.]
 [    0.     0.     0. ...,     0.     0.     0.]] [[ 0.73547881  0.04631083  0.02119309 ...,  0.          0.          0.        ]
 [ 0.04631083  0.80062794  0.03846154 ...,  0.          0.          0.        ]
 [ 0.02119309  0.03846154  0.23312402 ...,  0.          0.          0.        ]
 ..., 
 [ 0.          0.          0.         ...,  0.          0.          0.        ]
 [ 0.          0.          0.         ...,  0.          0.          0.        ]
 [ 0.          0.          0.         ...,  0.          0.          0.        ]]
8 3
[[  937.    52.    26. ...,     0.     0.     0.]
 [   52.  1020.    49. ...,     0.     0.     0.]
 [   26.    49.   297. ...,     0.     0.     0.]
 ..., 
 [    0.     0.     0. ...,     0.     0.     0.]
 [    0.     0.     0. ...,     0.     0.     0.]
 [    0.     0.     0. ...,     0.     0.     0.]] [[ 0.73547881  0.04081633  0.02040816 ...,  0.          0.          0.        ]
 [ 0.04081633  0.80062794  0.03846154 ...,  0.          0.          0.        ]
 [ 0.02040816  0.03846154  0.23312402 ...,  0.          0.          0.        ]
 ..., 
 [ 0.          0.          0.         ...,  0.          0.          0.        ]
 [ 0.          0.          0.         ...,  0.          0.          0.        ]
 [ 0.          0.          0.         ...,  0.          0.          0.        ]]
8 4
[[  937.    49.    26. ...,     0.     0.     0.]
 [   49.  1020.    49. ...,     0.     0.     0.]
 [   26.    49.   297. ...,     0.     0.     0.]
 ..., 
 [    0.     0.     0. ...,     0.     0.     0.]
 [    0.     0.     0. ...,     0.     0.     0.]
 [    0.     0.     0. ...,     0.     0.     0.]] [[ 0.73547881  0.03846154  0.02040816 ...,  0.          0.          0.        ]
 [ 0.03846154  0.80062794  0.03846154 ...,  0.          0.          0.        ]
 [ 0.02040816  0.03846154  0.23312402 ...,  0.          0.          0.        ]
 ..., 
 [ 0.          0.          0.         ...,  0.          0.          0.        ]
 [ 0.          0.          0.         ...,  0.          0.          0.        ]
 [ 0.          0.          0.         ...,  0.          0.          0.        ]]
8 5
[[  937.    48.    26. ...,     0.     0.     0.]
 [   48.  1020.    49. ...,     0.     0.     0.]
 [   26.    49.   297. ...,     0.     0.     0.]
 ..., 
 [    0.     0.     0. ...,     0.     0.     0.]
 [    0.     0.     0. ...,     0.     0.     0.]
 [    0.     0.     0. ...,     0.     0.     0.]] [[ 0.73547881  0.03767661  0.02040816 ...,  0.          0.          0.        ]
 [ 0.03767661  0.80062794  0.03846154 ...,  0.          0.          0.        ]
 [ 0.02040816  0.03846154  0.23312402 ...,  0.          0.          0.        ]
 ..., 
 [ 0.          0.          0.         ...,  0.          0.          0.        ]
 [ 0.          0.          0.         ...,  0.          0.          0.        ]
 [ 0.          0.          0.         ...,  0.          0.          0.        ]]
9 1
[[  937.    58.    27. ...,     0.     0.     0.]
 [   60.  1020.    52. ...,     0.     0.     0.]
 [   27.    49.   297. ...,     0.     0.     0.]
 ..., 
 [    0.     0.     0. ...,     0.     0.     0.]
 [    0.     0.     0. ...,     0.     0.     0.]
 [    0.     0.     0. ...,     0.     0.     0.]] [[ 0.73547881  0.0455259   0.02119309 ...,  0.          0.          0.        ]
 [ 0.04709576  0.80062794  0.04081633 ...,  0.          0.          0.        ]
 [ 0.02119309  0.03846154  0.23312402 ...,  0.          0.          0.        ]
 ..., 
 [ 0.          0.          0.         ...,  0.          0.          0.        ]
 [ 0.          0.          0.         ...,  0.          0.          0.        ]
 [ 0.          0.          0.         ...,  0.          0.          0.        ]]
9 2
[[  937.    50.    26. ...,     0.     0.     0.]
 [   50.  1020.    49. ...,     0.     0.     0.]
 [   26.    49.   297. ...,     0.     0.     0.]
 ..., 
 [    0.     0.     0. ...,     0.     0.     0.]
 [    0.     0.     0. ...,     0.     0.     0.]
 [    0.     0.     0. ...,     0.     0.     0.]] [[ 0.73547881  0.03924647  0.02040816 ...,  0.          0.          0.        ]
 [ 0.03924647  0.80062794  0.03846154 ...,  0.          0.          0.        ]
 [ 0.02040816  0.03846154  0.23312402 ...,  0.          0.          0.        ]
 ..., 
 [ 0.          0.          0.         ...,  0.          0.          0.        ]
 [ 0.          0.          0.         ...,  0.          0.          0.        ]
 [ 0.          0.          0.         ...,  0.          0.          0.        ]]
9 3
[[  937.    47.    26. ...,     0.     0.     0.]
 [   47.  1020.    49. ...,     0.     0.     0.]
 [   26.    49.   297. ...,     0.     0.     0.]
 ..., 
 [    0.     0.     0. ...,     0.     0.     0.]
 [    0.     0.     0. ...,     0.     0.     0.]
 [    0.     0.     0. ...,     0.     0.     0.]] [[ 0.73547881  0.03689168  0.02040816 ...,  0.          0.          0.        ]
 [ 0.03689168  0.80062794  0.03846154 ...,  0.          0.          0.        ]
 [ 0.02040816  0.03846154  0.23312402 ...,  0.          0.          0.        ]
 ..., 
 [ 0.          0.          0.         ...,  0.          0.          0.        ]
 [ 0.          0.          0.         ...,  0.          0.          0.        ]
 [ 0.          0.          0.         ...,  0.          0.          0.        ]]
9 4
[[  937.    47.    26. ...,     0.     0.     0.]
 [   47.  1020.    49. ...,     0.     0.     0.]
 [   26.    49.   297. ...,     0.     0.     0.]
 ..., 
 [    0.     0.     0. ...,     0.     0.     0.]
 [    0.     0.     0. ...,     0.     0.     0.]
 [    0.     0.     0. ...,     0.     0.     0.]] [[ 0.73547881  0.03689168  0.02040816 ...,  0.          0.          0.        ]
 [ 0.03689168  0.80062794  0.03846154 ...,  0.          0.          0.        ]
 [ 0.02040816  0.03846154  0.23312402 ...,  0.          0.          0.        ]
 ..., 
 [ 0.          0.          0.         ...,  0.          0.          0.        ]
 [ 0.          0.          0.         ...,  0.          0.          0.        ]
 [ 0.          0.          0.         ...,  0.          0.          0.        ]]
9 5
[[  937.    47.    26. ...,     0.     0.     0.]
 [   47.  1020.    49. ...,     0.     0.     0.]
 [   26.    49.   297. ...,     0.     0.     0.]
 ..., 
 [    0.     0.     0. ...,     0.     0.     0.]
 [    0.     0.     0. ...,     0.     0.     0.]
 [    0.     0.     0. ...,     0.     0.     0.]] [[ 0.73547881  0.03689168  0.02040816 ...,  0.          0.          0.        ]
 [ 0.03689168  0.80062794  0.03846154 ...,  0.          0.          0.        ]
 [ 0.02040816  0.03846154  0.23312402 ...,  0.          0.          0.        ]
 ..., 
 [ 0.          0.          0.         ...,  0.          0.          0.        ]
 [ 0.          0.          0.         ...,  0.          0.          0.        ]
 [ 0.          0.          0.         ...,  0.          0.          0.        ]]
10 1
[[  937.    51.    26. ...,     0.     0.     0.]
 [   46.  1020.    51. ...,     0.     0.     0.]
 [   26.    49.   297. ...,     0.     0.     0.]
 ..., 
 [    0.     0.     0. ...,     0.     0.     0.]
 [    0.     0.     0. ...,     0.     0.     0.]
 [    0.     0.     0. ...,     0.     0.     0.]] [[ 0.73547881  0.0400314   0.02040816 ...,  0.          0.          0.        ]
 [ 0.03610675  0.80062794  0.0400314  ...,  0.          0.          0.        ]
 [ 0.02040816  0.03846154  0.23312402 ...,  0.          0.          0.        ]
 ..., 
 [ 0.          0.          0.         ...,  0.          0.          0.        ]
 [ 0.          0.          0.         ...,  0.          0.          0.        ]
 [ 0.          0.          0.         ...,  0.          0.          0.        ]]
10 2
[[  937.    46.    26. ...,     0.     0.     0.]
 [   46.  1020.    49. ...,     0.     0.     0.]
 [   26.    49.   297. ...,     0.     0.     0.]
 ..., 
 [    0.     0.     0. ...,     0.     0.     0.]
 [    0.     0.     0. ...,     0.     0.     0.]
 [    0.     0.     0. ...,     0.     0.     0.]] [[ 0.73547881  0.03610675  0.02040816 ...,  0.          0.          0.        ]
 [ 0.03610675  0.80062794  0.03846154 ...,  0.          0.          0.        ]
 [ 0.02040816  0.03846154  0.23312402 ...,  0.          0.          0.        ]
 ..., 
 [ 0.          0.          0.         ...,  0.          0.          0.        ]
 [ 0.          0.          0.         ...,  0.          0.          0.        ]
 [ 0.          0.          0.         ...,  0.          0.          0.        ]]
10 3
[[  937.    46.    26. ...,     0.     0.     0.]
 [   46.  1020.    49. ...,     0.     0.     0.]
 [   26.    49.   297. ...,     0.     0.     0.]
 ..., 
 [    0.     0.     0. ...,     0.     0.     0.]
 [    0.     0.     0. ...,     0.     0.     0.]
 [    0.     0.     0. ...,     0.     0.     0.]] [[ 0.73547881  0.03610675  0.02040816 ...,  0.          0.          0.        ]
 [ 0.03610675  0.80062794  0.03846154 ...,  0.          0.          0.        ]
 [ 0.02040816  0.03846154  0.23312402 ...,  0.          0.          0.        ]
 ..., 
 [ 0.          0.          0.         ...,  0.          0.          0.        ]
 [ 0.          0.          0.         ...,  0.          0.          0.        ]
 [ 0.          0.          0.         ...,  0.          0.          0.        ]]
10 4
[[  937.    46.    26. ...,     0.     0.     0.]
 [   46.  1020.    49. ...,     0.     0.     0.]
 [   26.    49.   297. ...,     0.     0.     0.]
 ..., 
 [    0.     0.     0. ...,     0.     0.     0.]
 [    0.     0.     0. ...,     0.     0.     0.]
 [    0.     0.     0. ...,     0.     0.     0.]] [[ 0.73547881  0.03610675  0.02040816 ...,  0.          0.          0.        ]
 [ 0.03610675  0.80062794  0.03846154 ...,  0.          0.          0.        ]
 [ 0.02040816  0.03846154  0.23312402 ...,  0.          0.          0.        ]
 ..., 
 [ 0.          0.          0.         ...,  0.          0.          0.        ]
 [ 0.          0.          0.         ...,  0.          0.          0.        ]
 [ 0.          0.          0.         ...,  0.          0.          0.        ]]
10 5
[[  937.    46.    26. ...,     0.     0.     0.]
 [   46.  1020.    49. ...,     0.     0.     0.]
 [   26.    49.   297. ...,     0.     0.     0.]
 ..., 
 [    0.     0.     0. ...,     0.     0.     0.]
 [    0.     0.     0. ...,     0.     0.     0.]
 [    0.     0.     0. ...,     0.     0.     0.]] [[ 0.73547881  0.03610675  0.02040816 ...,  0.          0.          0.        ]
 [ 0.03610675  0.80062794  0.03846154 ...,  0.          0.          0.        ]
 [ 0.02040816  0.03846154  0.23312402 ...,  0.          0.          0.        ]
 ..., 
 [ 0.          0.          0.         ...,  0.          0.          0.        ]
 [ 0.          0.          0.         ...,  0.          0.          0.        ]
 [ 0.          0.          0.         ...,  0.          0.          0.        ]]
11 1
[[  937.    45.    26. ...,     0.     0.     0.]
 [   45.  1020.    50. ...,     0.     0.     0.]
 [   26.    49.   297. ...,     0.     0.     0.]
 ..., 
 [    0.     0.     0. ...,     0.     0.     0.]
 [    0.     0.     0. ...,     0.     0.     0.]
 [    0.     0.     0. ...,     0.     0.     0.]] [[ 0.73547881  0.03532182  0.02040816 ...,  0.          0.          0.        ]
 [ 0.03532182  0.80062794  0.03924647 ...,  0.          0.          0.        ]
 [ 0.02040816  0.03846154  0.23312402 ...,  0.          0.          0.        ]
 ..., 
 [ 0.          0.          0.         ...,  0.          0.          0.        ]
 [ 0.          0.          0.         ...,  0.          0.          0.        ]
 [ 0.          0.          0.         ...,  0.          0.          0.        ]]
11 2
[[  937.    45.    26. ...,     0.     0.     0.]
 [   45.  1020.    49. ...,     0.     0.     0.]
 [   26.    49.   297. ...,     0.     0.     0.]
 ..., 
 [    0.     0.     0. ...,     0.     0.     0.]
 [    0.     0.     0. ...,     0.     0.     0.]
 [    0.     0.     0. ...,     0.     0.     0.]] [[ 0.73547881  0.03532182  0.02040816 ...,  0.          0.          0.        ]
 [ 0.03532182  0.80062794  0.03846154 ...,  0.          0.          0.        ]
 [ 0.02040816  0.03846154  0.23312402 ...,  0.          0.          0.        ]
 ..., 
 [ 0.          0.          0.         ...,  0.          0.          0.        ]
 [ 0.          0.          0.         ...,  0.          0.          0.        ]
 [ 0.          0.          0.         ...,  0.          0.          0.        ]]
11 3
[[  937.    45.    26. ...,     0.     0.     0.]
 [   45.  1020.    49. ...,     0.     0.     0.]
 [   26.    49.   297. ...,     0.     0.     0.]
 ..., 
 [    0.     0.     0. ...,     0.     0.     0.]
 [    0.     0.     0. ...,     0.     0.     0.]
 [    0.     0.     0. ...,     0.     0.     0.]] [[ 0.73547881  0.03532182  0.02040816 ...,  0.          0.          0.        ]
 [ 0.03532182  0.80062794  0.03846154 ...,  0.          0.          0.        ]
 [ 0.02040816  0.03846154  0.23312402 ...,  0.          0.          0.        ]
 ..., 
 [ 0.          0.          0.         ...,  0.          0.          0.        ]
 [ 0.          0.          0.         ...,  0.          0.          0.        ]
 [ 0.          0.          0.         ...,  0.          0.          0.        ]]
11 4
[[  937.    45.    26. ...,     0.     0.     0.]
 [   45.  1020.    49. ...,     0.     0.     0.]
 [   26.    49.   297. ...,     0.     0.     0.]
 ..., 
 [    0.     0.     0. ...,     0.     0.     0.]
 [    0.     0.     0. ...,     0.     0.     0.]
 [    0.     0.     0. ...,     0.     0.     0.]] [[ 0.73547881  0.03532182  0.02040816 ...,  0.          0.          0.        ]
 [ 0.03532182  0.80062794  0.03846154 ...,  0.          0.          0.        ]
 [ 0.02040816  0.03846154  0.23312402 ...,  0.          0.          0.        ]
 ..., 
 [ 0.          0.          0.         ...,  0.          0.          0.        ]
 [ 0.          0.          0.         ...,  0.          0.          0.        ]
 [ 0.          0.          0.         ...,  0.          0.          0.        ]]
11 5
[[  937.    45.    26. ...,     0.     0.     0.]
 [   45.  1020.    49. ...,     0.     0.     0.]
 [   26.    49.   297. ...,     0.     0.     0.]
 ..., 
 [    0.     0.     0. ...,     0.     0.     0.]
 [    0.     0.     0. ...,     0.     0.     0.]
 [    0.     0.     0. ...,     0.     0.     0.]] [[ 0.73547881  0.03532182  0.02040816 ...,  0.          0.          0.        ]
 [ 0.03532182  0.80062794  0.03846154 ...,  0.          0.          0.        ]
 [ 0.02040816  0.03846154  0.23312402 ...,  0.          0.          0.        ]
 ..., 
 [ 0.          0.          0.         ...,  0.          0.          0.        ]
 [ 0.          0.          0.         ...,  0.          0.          0.        ]
 [ 0.          0.          0.         ...,  0.          0.          0.        ]]
12 1
[[  937.    44.    26. ...,     0.     0.     0.]
 [   44.  1020.    49. ...,     0.     0.     0.]
 [   26.    49.   297. ...,     0.     0.     0.]
 ..., 
 [    0.     0.     0. ...,     0.     0.     0.]
 [    0.     0.     0. ...,     0.     0.     0.]
 [    0.     0.     0. ...,     0.     0.     0.]] [[ 0.73547881  0.03453689  0.02040816 ...,  0.          0.          0.        ]
 [ 0.03453689  0.80062794  0.03846154 ...,  0.          0.          0.        ]
 [ 0.02040816  0.03846154  0.23312402 ...,  0.          0.          0.        ]
 ..., 
 [ 0.          0.          0.         ...,  0.          0.          0.        ]
 [ 0.          0.          0.         ...,  0.          0.          0.        ]
 [ 0.          0.          0.         ...,  0.          0.          0.        ]]
12 2
[[  937.    44.    26. ...,     0.     0.     0.]
 [   44.  1020.    49. ...,     0.     0.     0.]
 [   26.    49.   297. ...,     0.     0.     0.]
 ..., 
 [    0.     0.     0. ...,     0.     0.     0.]
 [    0.     0.     0. ...,     0.     0.     0.]
 [    0.     0.     0. ...,     0.     0.     0.]] [[ 0.73547881  0.03453689  0.02040816 ...,  0.          0.          0.        ]
 [ 0.03453689  0.80062794  0.03846154 ...,  0.          0.          0.        ]
 [ 0.02040816  0.03846154  0.23312402 ...,  0.          0.          0.        ]
 ..., 
 [ 0.          0.          0.         ...,  0.          0.          0.        ]
 [ 0.          0.          0.         ...,  0.          0.          0.        ]
 [ 0.          0.          0.         ...,  0.          0.          0.        ]]
12 3
[[  937.    44.    26. ...,     0.     0.     0.]
 [   44.  1020.    49. ...,     0.     0.     0.]
 [   26.    49.   297. ...,     0.     0.     0.]
 ..., 
 [    0.     0.     0. ...,     0.     0.     0.]
 [    0.     0.     0. ...,     0.     0.     0.]
 [    0.     0.     0. ...,     0.     0.     0.]] [[ 0.73547881  0.03453689  0.02040816 ...,  0.          0.          0.        ]
 [ 0.03453689  0.80062794  0.03846154 ...,  0.          0.          0.        ]
 [ 0.02040816  0.03846154  0.23312402 ...,  0.          0.          0.        ]
 ..., 
 [ 0.          0.          0.         ...,  0.          0.          0.        ]
 [ 0.          0.          0.         ...,  0.          0.          0.        ]
 [ 0.          0.          0.         ...,  0.          0.          0.        ]]
12 4
[[  937.    44.    26. ...,     0.     0.     0.]
 [   44.  1020.    49. ...,     0.     0.     0.]
 [   26.    49.   297. ...,     0.     0.     0.]
 ..., 
 [    0.     0.     0. ...,     0.     0.     0.]
 [    0.     0.     0. ...,     0.     0.     0.]
 [    0.     0.     0. ...,     0.     0.     0.]] [[ 0.73547881  0.03453689  0.02040816 ...,  0.          0.          0.        ]
 [ 0.03453689  0.80062794  0.03846154 ...,  0.          0.          0.        ]
 [ 0.02040816  0.03846154  0.23312402 ...,  0.          0.          0.        ]
 ..., 
 [ 0.          0.          0.         ...,  0.          0.          0.        ]
 [ 0.          0.          0.         ...,  0.          0.          0.        ]
 [ 0.          0.          0.         ...,  0.          0.          0.        ]]
12 5
[[  937.    44.    26. ...,     0.     0.     0.]
 [   44.  1020.    49. ...,     0.     0.     0.]
 [   26.    49.   297. ...,     0.     0.     0.]
 ..., 
 [    0.     0.     0. ...,     0.     0.     0.]
 [    0.     0.     0. ...,     0.     0.     0.]
 [    0.     0.     0. ...,     0.     0.     0.]] [[ 0.73547881  0.03453689  0.02040816 ...,  0.          0.          0.        ]
 [ 0.03453689  0.80062794  0.03846154 ...,  0.          0.          0.        ]
 [ 0.02040816  0.03846154  0.23312402 ...,  0.          0.          0.        ]
 ..., 
 [ 0.          0.          0.         ...,  0.          0.          0.        ]
 [ 0.          0.          0.         ...,  0.          0.          0.        ]
 [ 0.          0.          0.         ...,  0.          0.          0.        ]]
13 1
[[  937.    43.    26. ...,     0.     0.     0.]
 [   43.  1020.    49. ...,     0.     0.     0.]
 [   26.    49.   297. ...,     0.     0.     0.]
 ..., 
 [    0.     0.     0. ...,     0.     0.     0.]
 [    0.     0.     0. ...,     0.     0.     0.]
 [    0.     0.     0. ...,     0.     0.     0.]] [[ 0.73547881  0.03375196  0.02040816 ...,  0.          0.          0.        ]
 [ 0.03375196  0.80062794  0.03846154 ...,  0.          0.          0.        ]
 [ 0.02040816  0.03846154  0.23312402 ...,  0.          0.          0.        ]
 ..., 
 [ 0.          0.          0.         ...,  0.          0.          0.        ]
 [ 0.          0.          0.         ...,  0.          0.          0.        ]
 [ 0.          0.          0.         ...,  0.          0.          0.        ]]
13 2
[[  937.    43.    26. ...,     0.     0.     0.]
 [   43.  1020.    49. ...,     0.     0.     0.]
 [   26.    49.   297. ...,     0.     0.     0.]
 ..., 
 [    0.     0.     0. ...,     0.     0.     0.]
 [    0.     0.     0. ...,     0.     0.     0.]
 [    0.     0.     0. ...,     0.     0.     0.]] [[ 0.73547881  0.03375196  0.02040816 ...,  0.          0.          0.        ]
 [ 0.03375196  0.80062794  0.03846154 ...,  0.          0.          0.        ]
 [ 0.02040816  0.03846154  0.23312402 ...,  0.          0.          0.        ]
 ..., 
 [ 0.          0.          0.         ...,  0.          0.          0.        ]
 [ 0.          0.          0.         ...,  0.          0.          0.        ]
 [ 0.          0.          0.         ...,  0.          0.          0.        ]]
13 3
[[  937.    43.    26. ...,     0.     0.     0.]
 [   43.  1020.    49. ...,     0.     0.     0.]
 [   26.    49.   297. ...,     0.     0.     0.]
 ..., 
 [    0.     0.     0. ...,     0.     0.     0.]
 [    0.     0.     0. ...,     0.     0.     0.]
 [    0.     0.     0. ...,     0.     0.     0.]] [[ 0.73547881  0.03375196  0.02040816 ...,  0.          0.          0.        ]
 [ 0.03375196  0.80062794  0.03846154 ...,  0.          0.          0.        ]
 [ 0.02040816  0.03846154  0.23312402 ...,  0.          0.          0.        ]
 ..., 
 [ 0.          0.          0.         ...,  0.          0.          0.        ]
 [ 0.          0.          0.         ...,  0.          0.          0.        ]
 [ 0.          0.          0.         ...,  0.          0.          0.        ]]
13 4
[[  937.    43.    26. ...,     0.     0.     0.]
 [   43.  1020.    49. ...,     0.     0.     0.]
 [   26.    49.   297. ...,     0.     0.     0.]
 ..., 
 [    0.     0.     0. ...,     0.     0.     0.]
 [    0.     0.     0. ...,     0.     0.     0.]
 [    0.     0.     0. ...,     0.     0.     0.]] [[ 0.73547881  0.03375196  0.02040816 ...,  0.          0.          0.        ]
 [ 0.03375196  0.80062794  0.03846154 ...,  0.          0.          0.        ]
 [ 0.02040816  0.03846154  0.23312402 ...,  0.          0.          0.        ]
 ..., 
 [ 0.          0.          0.         ...,  0.          0.          0.        ]
 [ 0.          0.          0.         ...,  0.          0.          0.        ]
 [ 0.          0.          0.         ...,  0.          0.          0.        ]]
13 5
[[  937.    43.    26. ...,     0.     0.     0.]
 [   43.  1020.    49. ...,     0.     0.     0.]
 [   26.    49.   297. ...,     0.     0.     0.]
 ..., 
 [    0.     0.     0. ...,     0.     0.     0.]
 [    0.     0.     0. ...,     0.     0.     0.]
 [    0.     0.     0. ...,     0.     0.     0.]] [[ 0.73547881  0.03375196  0.02040816 ...,  0.          0.          0.        ]
 [ 0.03375196  0.80062794  0.03846154 ...,  0.          0.          0.        ]
 [ 0.02040816  0.03846154  0.23312402 ...,  0.          0.          0.        ]
 ..., 
 [ 0.          0.          0.         ...,  0.          0.          0.        ]
 [ 0.          0.          0.         ...,  0.          0.          0.        ]
 [ 0.          0.          0.         ...,  0.          0.          0.        ]]
14 1
[[  937.    42.    26. ...,     0.     0.     0.]
 [   42.  1020.    49. ...,     0.     0.     0.]
 [   26.    49.   297. ...,     0.     0.     0.]
 ..., 
 [    0.     0.     0. ...,     0.     0.     0.]
 [    0.     0.     0. ...,     0.     0.     0.]
 [    0.     0.     0. ...,     0.     0.     0.]] [[ 0.73547881  0.03296703  0.02040816 ...,  0.          0.          0.        ]
 [ 0.03296703  0.80062794  0.03846154 ...,  0.          0.          0.        ]
 [ 0.02040816  0.03846154  0.23312402 ...,  0.          0.          0.        ]
 ..., 
 [ 0.          0.          0.         ...,  0.          0.          0.        ]
 [ 0.          0.          0.         ...,  0.          0.          0.        ]
 [ 0.          0.          0.         ...,  0.          0.          0.        ]]
14 2
[[  937.    42.    26. ...,     0.     0.     0.]
 [   42.  1020.    49. ...,     0.     0.     0.]
 [   26.    49.   297. ...,     0.     0.     0.]
 ..., 
 [    0.     0.     0. ...,     0.     0.     0.]
 [    0.     0.     0. ...,     0.     0.     0.]
 [    0.     0.     0. ...,     0.     0.     0.]] [[ 0.73547881  0.03296703  0.02040816 ...,  0.          0.          0.        ]
 [ 0.03296703  0.80062794  0.03846154 ...,  0.          0.          0.        ]
 [ 0.02040816  0.03846154  0.23312402 ...,  0.          0.          0.        ]
 ..., 
 [ 0.          0.          0.         ...,  0.          0.          0.        ]
 [ 0.          0.          0.         ...,  0.          0.          0.        ]
 [ 0.          0.          0.         ...,  0.          0.          0.        ]]
14 3
[[  937.    42.    26. ...,     0.     0.     0.]
 [   42.  1020.    49. ...,     0.     0.     0.]
 [   26.    49.   297. ...,     0.     0.     0.]
 ..., 
 [    0.     0.     0. ...,     0.     0.     0.]
 [    0.     0.     0. ...,     0.     0.     0.]
 [    0.     0.     0. ...,     0.     0.     0.]] [[ 0.73547881  0.03296703  0.02040816 ...,  0.          0.          0.        ]
 [ 0.03296703  0.80062794  0.03846154 ...,  0.          0.          0.        ]
 [ 0.02040816  0.03846154  0.23312402 ...,  0.          0.          0.        ]
 ..., 
 [ 0.          0.          0.         ...,  0.          0.          0.        ]
 [ 0.          0.          0.         ...,  0.          0.          0.        ]
 [ 0.          0.          0.         ...,  0.          0.          0.        ]]
14 4
[[  937.    42.    26. ...,     0.     0.     0.]
 [   42.  1020.    49. ...,     0.     0.     0.]
 [   26.    49.   297. ...,     0.     0.     0.]
 ..., 
 [    0.     0.     0. ...,     0.     0.     0.]
 [    0.     0.     0. ...,     0.     0.     0.]
 [    0.     0.     0. ...,     0.     0.     0.]] [[ 0.73547881  0.03296703  0.02040816 ...,  0.          0.          0.        ]
 [ 0.03296703  0.80062794  0.03846154 ...,  0.          0.          0.        ]
 [ 0.02040816  0.03846154  0.23312402 ...,  0.          0.          0.        ]
 ..., 
 [ 0.          0.          0.         ...,  0.          0.          0.        ]
 [ 0.          0.          0.         ...,  0.          0.          0.        ]
 [ 0.          0.          0.         ...,  0.          0.          0.        ]]
14 5
[[  937.    42.    26. ...,     0.     0.     0.]
 [   42.  1020.    49. ...,     0.     0.     0.]
 [   26.    49.   297. ...,     0.     0.     0.]
 ..., 
 [    0.     0.     0. ...,     0.     0.     0.]
 [    0.     0.     0. ...,     0.     0.     0.]
 [    0.     0.     0. ...,     0.     0.     0.]] [[ 0.73547881  0.03296703  0.02040816 ...,  0.          0.          0.        ]
 [ 0.03296703  0.80062794  0.03846154 ...,  0.          0.          0.        ]
 [ 0.02040816  0.03846154  0.23312402 ...,  0.          0.          0.        ]
 ..., 
 [ 0.          0.          0.         ...,  0.          0.          0.        ]
 [ 0.          0.          0.         ...,  0.          0.          0.        ]
 [ 0.          0.          0.         ...,  0.          0.          0.        ]]
15 1
[[  937.    41.    26. ...,     0.     0.     0.]
 [   41.  1020.    49. ...,     0.     0.     0.]
 [   26.    49.   297. ...,     0.     0.     0.]
 ..., 
 [    0.     0.     0. ...,     0.     0.     0.]
 [    0.     0.     0. ...,     0.     0.     0.]
 [    0.     0.     0. ...,     0.     0.     0.]] [[ 0.73547881  0.0321821   0.02040816 ...,  0.          0.          0.        ]
 [ 0.0321821   0.80062794  0.03846154 ...,  0.          0.          0.        ]
 [ 0.02040816  0.03846154  0.23312402 ...,  0.          0.          0.        ]
 ..., 
 [ 0.          0.          0.         ...,  0.          0.          0.        ]
 [ 0.          0.          0.         ...,  0.          0.          0.        ]
 [ 0.          0.          0.         ...,  0.          0.          0.        ]]
15 2
[[  937.    41.    26. ...,     0.     0.     0.]
 [   41.  1020.    49. ...,     0.     0.     0.]
 [   26.    49.   297. ...,     0.     0.     0.]
 ..., 
 [    0.     0.     0. ...,     0.     0.     0.]
 [    0.     0.     0. ...,     0.     0.     0.]
 [    0.     0.     0. ...,     0.     0.     0.]] [[ 0.73547881  0.0321821   0.02040816 ...,  0.          0.          0.        ]
 [ 0.0321821   0.80062794  0.03846154 ...,  0.          0.          0.        ]
 [ 0.02040816  0.03846154  0.23312402 ...,  0.          0.          0.        ]
 ..., 
 [ 0.          0.          0.         ...,  0.          0.          0.        ]
 [ 0.          0.          0.         ...,  0.          0.          0.        ]
 [ 0.          0.          0.         ...,  0.          0.          0.        ]]
15 3
[[  937.    41.    26. ...,     0.     0.     0.]
 [   41.  1020.    49. ...,     0.     0.     0.]
 [   26.    49.   297. ...,     0.     0.     0.]
 ..., 
 [    0.     0.     0. ...,     0.     0.     0.]
 [    0.     0.     0. ...,     0.     0.     0.]
 [    0.     0.     0. ...,     0.     0.     0.]] [[ 0.73547881  0.0321821   0.02040816 ...,  0.          0.          0.        ]
 [ 0.0321821   0.80062794  0.03846154 ...,  0.          0.          0.        ]
 [ 0.02040816  0.03846154  0.23312402 ...,  0.          0.          0.        ]
 ..., 
 [ 0.          0.          0.         ...,  0.          0.          0.        ]
 [ 0.          0.          0.         ...,  0.          0.          0.        ]
 [ 0.          0.          0.         ...,  0.          0.          0.        ]]
15 4
[[  937.    41.    26. ...,     0.     0.     0.]
 [   41.  1020.    49. ...,     0.     0.     0.]
 [   26.    49.   297. ...,     0.     0.     0.]
 ..., 
 [    0.     0.     0. ...,     0.     0.     0.]
 [    0.     0.     0. ...,     0.     0.     0.]
 [    0.     0.     0. ...,     0.     0.     0.]] [[ 0.73547881  0.0321821   0.02040816 ...,  0.          0.          0.        ]
 [ 0.0321821   0.80062794  0.03846154 ...,  0.          0.          0.        ]
 [ 0.02040816  0.03846154  0.23312402 ...,  0.          0.          0.        ]
 ..., 
 [ 0.          0.          0.         ...,  0.          0.          0.        ]
 [ 0.          0.          0.         ...,  0.          0.          0.        ]
 [ 0.          0.          0.         ...,  0.          0.          0.        ]]
15 5
[[  937.    41.    26. ...,     0.     0.     0.]
 [   41.  1020.    49. ...,     0.     0.     0.]
 [   26.    49.   297. ...,     0.     0.     0.]
 ..., 
 [    0.     0.     0. ...,     0.     0.     0.]
 [    0.     0.     0. ...,     0.     0.     0.]
 [    0.     0.     0. ...,     0.     0.     0.]] [[ 0.73547881  0.0321821   0.02040816 ...,  0.          0.          0.        ]
 [ 0.0321821   0.80062794  0.03846154 ...,  0.          0.          0.        ]
 [ 0.02040816  0.03846154  0.23312402 ...,  0.          0.          0.        ]
 ..., 
 [ 0.          0.          0.         ...,  0.          0.          0.        ]
 [ 0.          0.          0.         ...,  0.          0.          0.        ]
 [ 0.          0.          0.         ...,  0.          0.          0.        ]]
16 1
[[  937.    40.    26. ...,     0.     0.     0.]
 [   40.  1020.    49. ...,     0.     0.     0.]
 [   26.    49.   297. ...,     0.     0.     0.]
 ..., 
 [    0.     0.     0. ...,     0.     0.     0.]
 [    0.     0.     0. ...,     0.     0.     0.]
 [    0.     0.     0. ...,     0.     0.     0.]] [[ 0.73547881  0.03139717  0.02040816 ...,  0.          0.          0.        ]
 [ 0.03139717  0.80062794  0.03846154 ...,  0.          0.          0.        ]
 [ 0.02040816  0.03846154  0.23312402 ...,  0.          0.          0.        ]
 ..., 
 [ 0.          0.          0.         ...,  0.          0.          0.        ]
 [ 0.          0.          0.         ...,  0.          0.          0.        ]
 [ 0.          0.          0.         ...,  0.          0.          0.        ]]
16 2
[[  937.    40.    26. ...,     0.     0.     0.]
 [   40.  1020.    49. ...,     0.     0.     0.]
 [   26.    49.   297. ...,     0.     0.     0.]
 ..., 
 [    0.     0.     0. ...,     0.     0.     0.]
 [    0.     0.     0. ...,     0.     0.     0.]
 [    0.     0.     0. ...,     0.     0.     0.]] [[ 0.73547881  0.03139717  0.02040816 ...,  0.          0.          0.        ]
 [ 0.03139717  0.80062794  0.03846154 ...,  0.          0.          0.        ]
 [ 0.02040816  0.03846154  0.23312402 ...,  0.          0.          0.        ]
 ..., 
 [ 0.          0.          0.         ...,  0.          0.          0.        ]
 [ 0.          0.          0.         ...,  0.          0.          0.        ]
 [ 0.          0.          0.         ...,  0.          0.          0.        ]]
16 3
[[  937.    40.    26. ...,     0.     0.     0.]
 [   40.  1020.    49. ...,     0.     0.     0.]
 [   26.    49.   297. ...,     0.     0.     0.]
 ..., 
 [    0.     0.     0. ...,     0.     0.     0.]
 [    0.     0.     0. ...,     0.     0.     0.]
 [    0.     0.     0. ...,     0.     0.     0.]] [[ 0.73547881  0.03139717  0.02040816 ...,  0.          0.          0.        ]
 [ 0.03139717  0.80062794  0.03846154 ...,  0.          0.          0.        ]
 [ 0.02040816  0.03846154  0.23312402 ...,  0.          0.          0.        ]
 ..., 
 [ 0.          0.          0.         ...,  0.          0.          0.        ]
 [ 0.          0.          0.         ...,  0.          0.          0.        ]
 [ 0.          0.          0.         ...,  0.          0.          0.        ]]
16 4
[[  937.    40.    26. ...,     0.     0.     0.]
 [   40.  1020.    49. ...,     0.     0.     0.]
 [   26.    49.   297. ...,     0.     0.     0.]
 ..., 
 [    0.     0.     0. ...,     0.     0.     0.]
 [    0.     0.     0. ...,     0.     0.     0.]
 [    0.     0.     0. ...,     0.     0.     0.]] [[ 0.73547881  0.03139717  0.02040816 ...,  0.          0.          0.        ]
 [ 0.03139717  0.80062794  0.03846154 ...,  0.          0.          0.        ]
 [ 0.02040816  0.03846154  0.23312402 ...,  0.          0.          0.        ]
 ..., 
 [ 0.          0.          0.         ...,  0.          0.          0.        ]
 [ 0.          0.          0.         ...,  0.          0.          0.        ]
 [ 0.          0.          0.         ...,  0.          0.          0.        ]]
16 5
[[  937.    40.    26. ...,     0.     0.     0.]
 [   40.  1020.    49. ...,     0.     0.     0.]
 [   26.    49.   297. ...,     0.     0.     0.]
 ..., 
 [    0.     0.     0. ...,     0.     0.     0.]
 [    0.     0.     0. ...,     0.     0.     0.]
 [    0.     0.     0. ...,     0.     0.     0.]] [[ 0.73547881  0.03139717  0.02040816 ...,  0.          0.          0.        ]
 [ 0.03139717  0.80062794  0.03846154 ...,  0.          0.          0.        ]
 [ 0.02040816  0.03846154  0.23312402 ...,  0.          0.          0.        ]
 ..., 
 [ 0.          0.          0.         ...,  0.          0.          0.        ]
 [ 0.          0.          0.         ...,  0.          0.          0.        ]
 [ 0.          0.          0.         ...,  0.          0.          0.        ]]
17 1
[[  937.    39.    26. ...,     0.     0.     0.]
 [   39.  1020.    49. ...,     0.     0.     0.]
 [   26.    49.   297. ...,     0.     0.     0.]
 ..., 
 [    0.     0.     0. ...,     0.     0.     0.]
 [    0.     0.     0. ...,     0.     0.     0.]
 [    0.     0.     0. ...,     0.     0.     0.]] [[ 0.73547881  0.03061224  0.02040816 ...,  0.          0.          0.        ]
 [ 0.03061224  0.80062794  0.03846154 ...,  0.          0.          0.        ]
 [ 0.02040816  0.03846154  0.23312402 ...,  0.          0.          0.        ]
 ..., 
 [ 0.          0.          0.         ...,  0.          0.          0.        ]
 [ 0.          0.          0.         ...,  0.          0.          0.        ]
 [ 0.          0.          0.         ...,  0.          0.          0.        ]]
17 2
[[  937.    39.    26. ...,     0.     0.     0.]
 [   39.  1020.    49. ...,     0.     0.     0.]
 [   26.    49.   297. ...,     0.     0.     0.]
 ..., 
 [    0.     0.     0. ...,     0.     0.     0.]
 [    0.     0.     0. ...,     0.     0.     0.]
 [    0.     0.     0. ...,     0.     0.     0.]] [[ 0.73547881  0.03061224  0.02040816 ...,  0.          0.          0.        ]
 [ 0.03061224  0.80062794  0.03846154 ...,  0.          0.          0.        ]
 [ 0.02040816  0.03846154  0.23312402 ...,  0.          0.          0.        ]
 ..., 
 [ 0.          0.          0.         ...,  0.          0.          0.        ]
 [ 0.          0.          0.         ...,  0.          0.          0.        ]
 [ 0.          0.          0.         ...,  0.          0.          0.        ]]
17 3
[[  937.    39.    26. ...,     0.     0.     0.]
 [   39.  1020.    49. ...,     0.     0.     0.]
 [   26.    49.   297. ...,     0.     0.     0.]
 ..., 
 [    0.     0.     0. ...,     0.     0.     0.]
 [    0.     0.     0. ...,     0.     0.     0.]
 [    0.     0.     0. ...,     0.     0.     0.]] [[ 0.73547881  0.03061224  0.02040816 ...,  0.          0.          0.        ]
 [ 0.03061224  0.80062794  0.03846154 ...,  0.          0.          0.        ]
 [ 0.02040816  0.03846154  0.23312402 ...,  0.          0.          0.        ]
 ..., 
 [ 0.          0.          0.         ...,  0.          0.          0.        ]
 [ 0.          0.          0.         ...,  0.          0.          0.        ]
 [ 0.          0.          0.         ...,  0.          0.          0.        ]]
17 4
[[  937.    39.    26. ...,     0.     0.     0.]
 [   39.  1020.    49. ...,     0.     0.     0.]
 [   26.    49.   297. ...,     0.     0.     0.]
 ..., 
 [    0.     0.     0. ...,     0.     0.     0.]
 [    0.     0.     0. ...,     0.     0.     0.]
 [    0.     0.     0. ...,     0.     0.     0.]] [[ 0.73547881  0.03061224  0.02040816 ...,  0.          0.          0.        ]
 [ 0.03061224  0.80062794  0.03846154 ...,  0.          0.          0.        ]
 [ 0.02040816  0.03846154  0.23312402 ...,  0.          0.          0.        ]
 ..., 
 [ 0.          0.          0.         ...,  0.          0.          0.        ]
 [ 0.          0.          0.         ...,  0.          0.          0.        ]
 [ 0.          0.          0.         ...,  0.          0.          0.        ]]
17 5
[[  937.    39.    26. ...,     0.     0.     0.]
 [   39.  1020.    49. ...,     0.     0.     0.]
 [   26.    49.   297. ...,     0.     0.     0.]
 ..., 
 [    0.     0.     0. ...,     0.     0.     0.]
 [    0.     0.     0. ...,     0.     0.     0.]
 [    0.     0.     0. ...,     0.     0.     0.]] [[ 0.73547881  0.03061224  0.02040816 ...,  0.          0.          0.        ]
 [ 0.03061224  0.80062794  0.03846154 ...,  0.          0.          0.        ]
 [ 0.02040816  0.03846154  0.23312402 ...,  0.          0.          0.        ]
 ..., 
 [ 0.          0.          0.         ...,  0.          0.          0.        ]
 [ 0.          0.          0.         ...,  0.          0.          0.        ]
 [ 0.          0.          0.         ...,  0.          0.          0.        ]]
18 1
[[  937.    38.    26. ...,     0.     0.     0.]
 [   38.  1020.    49. ...,     0.     0.     0.]
 [   26.    49.   297. ...,     0.     0.     0.]
 ..., 
 [    0.     0.     0. ...,     0.     0.     0.]
 [    0.     0.     0. ...,     0.     0.     0.]
 [    0.     0.     0. ...,     0.     0.     0.]] [[ 0.73547881  0.02982732  0.02040816 ...,  0.          0.          0.        ]
 [ 0.02982732  0.80062794  0.03846154 ...,  0.          0.          0.        ]
 [ 0.02040816  0.03846154  0.23312402 ...,  0.          0.          0.        ]
 ..., 
 [ 0.          0.          0.         ...,  0.          0.          0.        ]
 [ 0.          0.          0.         ...,  0.          0.          0.        ]
 [ 0.          0.          0.         ...,  0.          0.          0.        ]]
18 2
[[  937.    38.    26. ...,     0.     0.     0.]
 [   38.  1020.    49. ...,     0.     0.     0.]
 [   26.    49.   297. ...,     0.     0.     0.]
 ..., 
 [    0.     0.     0. ...,     0.     0.     0.]
 [    0.     0.     0. ...,     0.     0.     0.]
 [    0.     0.     0. ...,     0.     0.     0.]] [[ 0.73547881  0.02982732  0.02040816 ...,  0.          0.          0.        ]
 [ 0.02982732  0.80062794  0.03846154 ...,  0.          0.          0.        ]
 [ 0.02040816  0.03846154  0.23312402 ...,  0.          0.          0.        ]
 ..., 
 [ 0.          0.          0.         ...,  0.          0.          0.        ]
 [ 0.          0.          0.         ...,  0.          0.          0.        ]
 [ 0.          0.          0.         ...,  0.          0.          0.        ]]
18 3
[[  937.    38.    26. ...,     0.     0.     0.]
 [   38.  1020.    49. ...,     0.     0.     0.]
 [   26.    49.   297. ...,     0.     0.     0.]
 ..., 
 [    0.     0.     0. ...,     0.     0.     0.]
 [    0.     0.     0. ...,     0.     0.     0.]
 [    0.     0.     0. ...,     0.     0.     0.]] [[ 0.73547881  0.02982732  0.02040816 ...,  0.          0.          0.        ]
 [ 0.02982732  0.80062794  0.03846154 ...,  0.          0.          0.        ]
 [ 0.02040816  0.03846154  0.23312402 ...,  0.          0.          0.        ]
 ..., 
 [ 0.          0.          0.         ...,  0.          0.          0.        ]
 [ 0.          0.          0.         ...,  0.          0.          0.        ]
 [ 0.          0.          0.         ...,  0.          0.          0.        ]]
18 4
[[  937.    38.    26. ...,     0.     0.     0.]
 [   38.  1020.    49. ...,     0.     0.     0.]
 [   26.    49.   297. ...,     0.     0.     0.]
 ..., 
 [    0.     0.     0. ...,     0.     0.     0.]
 [    0.     0.     0. ...,     0.     0.     0.]
 [    0.     0.     0. ...,     0.     0.     0.]] [[ 0.73547881  0.02982732  0.02040816 ...,  0.          0.          0.        ]
 [ 0.02982732  0.80062794  0.03846154 ...,  0.          0.          0.        ]
 [ 0.02040816  0.03846154  0.23312402 ...,  0.          0.          0.        ]
 ..., 
 [ 0.          0.          0.         ...,  0.          0.          0.        ]
 [ 0.          0.          0.         ...,  0.          0.          0.        ]
 [ 0.          0.          0.         ...,  0.          0.          0.        ]]
18 5
[[  937.    38.    26. ...,     0.     0.     0.]
 [   38.  1020.    49. ...,     0.     0.     0.]
 [   26.    49.   297. ...,     0.     0.     0.]
 ..., 
 [    0.     0.     0. ...,     0.     0.     0.]
 [    0.     0.     0. ...,     0.     0.     0.]
 [    0.     0.     0. ...,     0.     0.     0.]] [[ 0.73547881  0.02982732  0.02040816 ...,  0.          0.          0.        ]
 [ 0.02982732  0.80062794  0.03846154 ...,  0.          0.          0.        ]
 [ 0.02040816  0.03846154  0.23312402 ...,  0.          0.          0.        ]
 ..., 
 [ 0.          0.          0.         ...,  0.          0.          0.        ]
 [ 0.          0.          0.         ...,  0.          0.          0.        ]
 [ 0.          0.          0.         ...,  0.          0.          0.        ]]
19 1
[[  937.    38.    26. ...,     0.     0.     0.]
 [   38.  1020.    49. ...,     0.     0.     0.]
 [   26.    49.   297. ...,     0.     0.     0.]
 ..., 
 [    0.     0.     0. ...,     0.     0.     0.]
 [    0.     0.     0. ...,     0.     0.     0.]
 [    0.     0.     0. ...,     0.     0.     0.]] [[ 0.73547881  0.02982732  0.02040816 ...,  0.          0.          0.        ]
 [ 0.02982732  0.80062794  0.03846154 ...,  0.          0.          0.        ]
 [ 0.02040816  0.03846154  0.23312402 ...,  0.          0.          0.        ]
 ..., 
 [ 0.          0.          0.         ...,  0.          0.          0.        ]
 [ 0.          0.          0.         ...,  0.          0.          0.        ]
 [ 0.          0.          0.         ...,  0.          0.          0.        ]]
19 2
[[  937.    38.    26. ...,     0.     0.     0.]
 [   38.  1020.    49. ...,     0.     0.     0.]
 [   26.    49.   297. ...,     0.     0.     0.]
 ..., 
 [    0.     0.     0. ...,     0.     0.     0.]
 [    0.     0.     0. ...,     0.     0.     0.]
 [    0.     0.     0. ...,     0.     0.     0.]] [[ 0.73547881  0.02982732  0.02040816 ...,  0.          0.          0.        ]
 [ 0.02982732  0.80062794  0.03846154 ...,  0.          0.          0.        ]
 [ 0.02040816  0.03846154  0.23312402 ...,  0.          0.          0.        ]
 ..., 
 [ 0.          0.          0.         ...,  0.          0.          0.        ]
 [ 0.          0.          0.         ...,  0.          0.          0.        ]
 [ 0.          0.          0.         ...,  0.          0.          0.        ]]
19 3
[[  937.    38.    26. ...,     0.     0.     0.]
 [   38.  1020.    49. ...,     0.     0.     0.]
 [   26.    49.   297. ...,     0.     0.     0.]
 ..., 
 [    0.     0.     0. ...,     0.     0.     0.]
 [    0.     0.     0. ...,     0.     0.     0.]
 [    0.     0.     0. ...,     0.     0.     0.]] [[ 0.73547881  0.02982732  0.02040816 ...,  0.          0.          0.        ]
 [ 0.02982732  0.80062794  0.03846154 ...,  0.          0.          0.        ]
 [ 0.02040816  0.03846154  0.23312402 ...,  0.          0.          0.        ]
 ..., 
 [ 0.          0.          0.         ...,  0.          0.          0.        ]
 [ 0.          0.          0.         ...,  0.          0.          0.        ]
 [ 0.          0.          0.         ...,  0.          0.          0.        ]]
19 4
[[  937.    38.    26. ...,     0.     0.     0.]
 [   38.  1020.    49. ...,     0.     0.     0.]
 [   26.    49.   297. ...,     0.     0.     0.]
 ..., 
 [    0.     0.     0. ...,     0.     0.     0.]
 [    0.     0.     0. ...,     0.     0.     0.]
 [    0.     0.     0. ...,     0.     0.     0.]] [[ 0.73547881  0.02982732  0.02040816 ...,  0.          0.          0.        ]
 [ 0.02982732  0.80062794  0.03846154 ...,  0.          0.          0.        ]
 [ 0.02040816  0.03846154  0.23312402 ...,  0.          0.          0.        ]
 ..., 
 [ 0.          0.          0.         ...,  0.          0.          0.        ]
 [ 0.          0.          0.         ...,  0.          0.          0.        ]
 [ 0.          0.          0.         ...,  0.          0.          0.        ]]
19 5
[[  937.    38.    26. ...,     0.     0.     0.]
 [   38.  1020.    49. ...,     0.     0.     0.]
 [   26.    49.   297. ...,     0.     0.     0.]
 ..., 
 [    0.     0.     0. ...,     0.     0.     0.]
 [    0.     0.     0. ...,     0.     0.     0.]
 [    0.     0.     0. ...,     0.     0.     0.]] [[ 0.73547881  0.02982732  0.02040816 ...,  0.          0.          0.        ]
 [ 0.02982732  0.80062794  0.03846154 ...,  0.          0.          0.        ]
 [ 0.02040816  0.03846154  0.23312402 ...,  0.          0.          0.        ]
 ..., 
 [ 0.          0.          0.         ...,  0.          0.          0.        ]
 [ 0.          0.          0.         ...,  0.          0.          0.        ]
 [ 0.          0.          0.         ...,  0.          0.          0.        ]]
20 1
[[  937.    38.    26. ...,     0.     0.     0.]
 [   38.  1020.    49. ...,     0.     0.     0.]
 [   26.    49.   297. ...,     0.     0.     0.]
 ..., 
 [    0.     0.     0. ...,     0.     0.     0.]
 [    0.     0.     0. ...,     0.     0.     0.]
 [    0.     0.     0. ...,     0.     0.     0.]] [[ 0.73547881  0.02982732  0.02040816 ...,  0.          0.          0.        ]
 [ 0.02982732  0.80062794  0.03846154 ...,  0.          0.          0.        ]
 [ 0.02040816  0.03846154  0.23312402 ...,  0.          0.          0.        ]
 ..., 
 [ 0.          0.          0.         ...,  0.          0.          0.        ]
 [ 0.          0.          0.         ...,  0.          0.          0.        ]
 [ 0.          0.          0.         ...,  0.          0.          0.        ]]
20 2
[[  937.    38.    26. ...,     0.     0.     0.]
 [   38.  1020.    49. ...,     0.     0.     0.]
 [   26.    49.   297. ...,     0.     0.     0.]
 ..., 
 [    0.     0.     0. ...,     0.     0.     0.]
 [    0.     0.     0. ...,     0.     0.     0.]
 [    0.     0.     0. ...,     0.     0.     0.]] [[ 0.73547881  0.02982732  0.02040816 ...,  0.          0.          0.        ]
 [ 0.02982732  0.80062794  0.03846154 ...,  0.          0.          0.        ]
 [ 0.02040816  0.03846154  0.23312402 ...,  0.          0.          0.        ]
 ..., 
 [ 0.          0.          0.         ...,  0.          0.          0.        ]
 [ 0.          0.          0.         ...,  0.          0.          0.        ]
 [ 0.          0.          0.         ...,  0.          0.          0.        ]]
20 3
[[  937.    38.    26. ...,     0.     0.     0.]
 [   38.  1020.    49. ...,     0.     0.     0.]
 [   26.    49.   297. ...,     0.     0.     0.]
 ..., 
 [    0.     0.     0. ...,     0.     0.     0.]
 [    0.     0.     0. ...,     0.     0.     0.]
 [    0.     0.     0. ...,     0.     0.     0.]] [[ 0.73547881  0.02982732  0.02040816 ...,  0.          0.          0.        ]
 [ 0.02982732  0.80062794  0.03846154 ...,  0.          0.          0.        ]
 [ 0.02040816  0.03846154  0.23312402 ...,  0.          0.          0.        ]
 ..., 
 [ 0.          0.          0.         ...,  0.          0.          0.        ]
 [ 0.          0.          0.         ...,  0.          0.          0.        ]
 [ 0.          0.          0.         ...,  0.          0.          0.        ]]
20 4
[[  937.    38.    26. ...,     0.     0.     0.]
 [   38.  1020.    49. ...,     0.     0.     0.]
 [   26.    49.   297. ...,     0.     0.     0.]
 ..., 
 [    0.     0.     0. ...,     0.     0.     0.]
 [    0.     0.     0. ...,     0.     0.     0.]
 [    0.     0.     0. ...,     0.     0.     0.]] [[ 0.73547881  0.02982732  0.02040816 ...,  0.          0.          0.        ]
 [ 0.02982732  0.80062794  0.03846154 ...,  0.          0.          0.        ]
 [ 0.02040816  0.03846154  0.23312402 ...,  0.          0.          0.        ]
 ..., 
 [ 0.          0.          0.         ...,  0.          0.          0.        ]
 [ 0.          0.          0.         ...,  0.          0.          0.        ]
 [ 0.          0.          0.         ...,  0.          0.          0.        ]]
20 5
[[  937.    38.    26. ...,     0.     0.     0.]
 [   38.  1020.    49. ...,     0.     0.     0.]
 [   26.    49.   297. ...,     0.     0.     0.]
 ..., 
 [    0.     0.     0. ...,     0.     0.     0.]
 [    0.     0.     0. ...,     0.     0.     0.]
 [    0.     0.     0. ...,     0.     0.     0.]] [[ 0.73547881  0.02982732  0.02040816 ...,  0.          0.          0.        ]
 [ 0.02982732  0.80062794  0.03846154 ...,  0.          0.          0.        ]
 [ 0.02040816  0.03846154  0.23312402 ...,  0.          0.          0.        ]
 ..., 
 [ 0.          0.          0.         ...,  0.          0.          0.        ]
 [ 0.          0.          0.         ...,  0.          0.          0.        ]
 [ 0.          0.          0.         ...,  0.          0.          0.        ]]
