1 1
[[  937.   255.    79. ...,     0.     0.     0.]
 [  255.  1020.   104. ...,     0.     0.     0.]
 [   79.   104.   297. ...,     0.     0.     0.]
 ..., 
 [    0.     0.     0. ...,     0.     0.     0.]
 [    0.     0.     0. ...,     0.     0.     0.]
 [    0.     0.     0. ...,     0.     0.     0.]] [[ 0.73547881  0.20015699  0.06200942 ...,  0.          0.          0.        ]
 [ 0.20015699  0.80062794  0.08163265 ...,  0.          0.          0.        ]
 [ 0.06200942  0.08163265  0.23312402 ...,  0.          0.          0.        ]
 ..., 
 [ 0.          0.          0.         ...,  0.          0.          0.        ]
 [ 0.          0.          0.         ...,  0.          0.          0.        ]
 [ 0.          0.          0.         ...,  0.          0.          0.        ]]
1 2
[[  937.   232.    69. ...,     0.     0.     0.]
 [  234.  1020.    98. ...,     0.     0.     0.]
 [   70.    96.   297. ...,     0.     0.     0.]
 ..., 
 [    0.     0.     0. ...,     0.     0.     0.]
 [    0.     0.     0. ...,     0.     0.     0.]
 [    0.     0.     0. ...,     0.     0.     0.]] [[ 0.73547881  0.18210361  0.05416013 ...,  0.          0.          0.        ]
 [ 0.18367347  0.80062794  0.07692308 ...,  0.          0.          0.        ]
 [ 0.05494505  0.07535322  0.23312402 ...,  0.          0.          0.        ]
 ..., 
 [ 0.          0.          0.         ...,  0.          0.          0.        ]
 [ 0.          0.          0.         ...,  0.          0.          0.        ]
 [ 0.          0.          0.         ...,  0.          0.          0.        ]]
1 3
[[  937.   217.    62. ...,     0.     0.     0.]
 [  218.  1020.    91. ...,     0.     0.     0.]
 [   66.    88.   297. ...,     0.     0.     0.]
 ..., 
 [    0.     0.     0. ...,     0.     0.     0.]
 [    0.     0.     0. ...,     0.     0.     0.]
 [    0.     0.     0. ...,     0.     0.     0.]] [[ 0.73547881  0.17032967  0.04866562 ...,  0.          0.          0.        ]
 [ 0.1711146   0.80062794  0.07142857 ...,  0.          0.          0.        ]
 [ 0.05180534  0.06907378  0.23312402 ...,  0.          0.          0.        ]
 ..., 
 [ 0.          0.          0.         ...,  0.          0.          0.        ]
 [ 0.          0.          0.         ...,  0.          0.          0.        ]
 [ 0.          0.          0.         ...,  0.          0.          0.        ]]
1 4
[[  937.   204.    56. ...,     0.     0.     0.]
 [  207.  1020.    87. ...,     0.     0.     0.]
 [   62.    83.   297. ...,     0.     0.     0.]
 ..., 
 [    0.     0.     0. ...,     0.     0.     0.]
 [    0.     0.     0. ...,     0.     0.     0.]
 [    0.     0.     0. ...,     0.     0.     0.]] [[ 0.73547881  0.16012559  0.04395604 ...,  0.          0.          0.        ]
 [ 0.16248038  0.80062794  0.06828885 ...,  0.          0.          0.        ]
 [ 0.04866562  0.06514914  0.23312402 ...,  0.          0.          0.        ]
 ..., 
 [ 0.          0.          0.         ...,  0.          0.          0.        ]
 [ 0.          0.          0.         ...,  0.          0.          0.        ]
 [ 0.          0.          0.         ...,  0.          0.          0.        ]]
1 5
[[  937.   195.    56. ...,     0.     0.     0.]
 [  200.  1020.    84. ...,     0.     0.     0.]
 [   58.    79.   297. ...,     0.     0.     0.]
 ..., 
 [    0.     0.     0. ...,     0.     0.     0.]
 [    0.     0.     0. ...,     0.     0.     0.]
 [    0.     0.     0. ...,     0.     0.     0.]] [[ 0.73547881  0.15306122  0.04395604 ...,  0.          0.          0.        ]
 [ 0.15698587  0.80062794  0.06593407 ...,  0.          0.          0.        ]
 [ 0.0455259   0.06200942  0.23312402 ...,  0.          0.          0.        ]
 ..., 
 [ 0.          0.          0.         ...,  0.          0.          0.        ]
 [ 0.          0.          0.         ...,  0.          0.          0.        ]
 [ 0.          0.          0.         ...,  0.          0.          0.        ]]
2 1
[[  937.   207.    64. ...,     0.     0.     0.]
 [  209.  1020.    88. ...,     0.     0.     0.]
 [   63.    89.   297. ...,     0.     0.     0.]
 ..., 
 [    0.     0.     0. ...,     0.     0.     0.]
 [    0.     0.     0. ...,     0.     0.     0.]
 [    0.     0.     0. ...,     0.     0.     0.]] [[ 0.73547881  0.16248038  0.05023548 ...,  0.          0.          0.        ]
 [ 0.16405024  0.80062794  0.06907378 ...,  0.          0.          0.        ]
 [ 0.04945055  0.06985871  0.23312402 ...,  0.          0.          0.        ]
 ..., 
 [ 0.          0.          0.         ...,  0.          0.          0.        ]
 [ 0.          0.          0.         ...,  0.          0.          0.        ]
 [ 0.          0.          0.         ...,  0.          0.          0.        ]]
2 2
[[  937.   184.    57. ...,     0.     0.     0.]
 [  184.  1020.    81. ...,     0.     0.     0.]
 [   57.    81.   297. ...,     0.     0.     0.]
 ..., 
 [    0.     0.     0. ...,     0.     0.     0.]
 [    0.     0.     0. ...,     0.     0.     0.]
 [    0.     0.     0. ...,     0.     0.     0.]] [[ 0.73547881  0.144427    0.04474097 ...,  0.          0.          0.        ]
 [ 0.144427    0.80062794  0.06357928 ...,  0.          0.          0.        ]
 [ 0.04474097  0.06357928  0.23312402 ...,  0.          0.          0.        ]
 ..., 
 [ 0.          0.          0.         ...,  0.          0.          0.        ]
 [ 0.          0.          0.         ...,  0.          0.          0.        ]
 [ 0.          0.          0.         ...,  0.          0.          0.        ]]
2 3
[[  937.   169.    50. ...,     0.     0.     0.]
 [  169.  1020.    75. ...,     0.     0.     0.]
 [   51.    74.   297. ...,     0.     0.     0.]
 ..., 
 [    0.     0.     0. ...,     0.     0.     0.]
 [    0.     0.     0. ...,     0.     0.     0.]
 [    0.     0.     0. ...,     0.     0.     0.]] [[ 0.73547881  0.13265306  0.03924647 ...,  0.          0.          0.        ]
 [ 0.13265306  0.80062794  0.0588697  ...,  0.          0.          0.        ]
 [ 0.0400314   0.05808477  0.23312402 ...,  0.          0.          0.        ]
 ..., 
 [ 0.          0.          0.         ...,  0.          0.          0.        ]
 [ 0.          0.          0.         ...,  0.          0.          0.        ]
 [ 0.          0.          0.         ...,  0.          0.          0.        ]]
2 4
[[  937.   159.    44. ...,     0.     0.     0.]
 [  155.  1020.    72. ...,     0.     0.     0.]
 [   47.    70.   297. ...,     0.     0.     0.]
 ..., 
 [    0.     0.     0. ...,     0.     0.     0.]
 [    0.     0.     0. ...,     0.     0.     0.]
 [    0.     0.     0. ...,     0.     0.     0.]] [[ 0.73547881  0.12480377  0.03453689 ...,  0.          0.          0.        ]
 [ 0.12166405  0.80062794  0.05651491 ...,  0.          0.          0.        ]
 [ 0.03689168  0.05494505  0.23312402 ...,  0.          0.          0.        ]
 ..., 
 [ 0.          0.          0.         ...,  0.          0.          0.        ]
 [ 0.          0.          0.         ...,  0.          0.          0.        ]
 [ 0.          0.          0.         ...,  0.          0.          0.        ]]
2 5
[[  937.   150.    44. ...,     0.     0.     0.]
 [  149.  1020.    69. ...,     0.     0.     0.]
 [   44.    66.   297. ...,     0.     0.     0.]
 ..., 
 [    0.     0.     0. ...,     0.     0.     0.]
 [    0.     0.     0. ...,     0.     0.     0.]
 [    0.     0.     0. ...,     0.     0.     0.]] [[ 0.73547881  0.1177394   0.03453689 ...,  0.          0.          0.        ]
 [ 0.11695447  0.80062794  0.05416013 ...,  0.          0.          0.        ]
 [ 0.03453689  0.05180534  0.23312402 ...,  0.          0.          0.        ]
 ..., 
 [ 0.          0.          0.         ...,  0.          0.          0.        ]
 [ 0.          0.          0.         ...,  0.          0.          0.        ]
 [ 0.          0.          0.         ...,  0.          0.          0.        ]]
3 1
[[  937.   171.    52. ...,     0.     0.     0.]
 [  172.  1020.    77. ...,     0.     0.     0.]
 [   50.    79.   297. ...,     0.     0.     0.]
 ..., 
 [    0.     0.     0. ...,     0.     0.     0.]
 [    0.     0.     0. ...,     0.     0.     0.]
 [    0.     0.     0. ...,     0.     0.     0.]]
